8389713 12945020#9999;-23;0;7
1289 5818525#9999;-27;0;7
6293067 6487666#9999;-27;0;7
8390661 3784103#9999;-37;0;7
2099604 8680458#9999;-31;0;7
4198628 9606534#9999;-27;0;7
4200083 11439717#9999;-36;0;7
8396820 9708724#9999;-25;0;7
10494079 4001012#9999;-25;0;7
6300366 13862979#9999;-33;0;7
4203559 14486799#9999;-30;0;7
11697 8083251#9999;-70;0;7
6304054 5827647#9999;-21;0;7
12689 11830165#9999;-34;0;7
4207929 14138780#-10;-19;7;0
15377 14075852#-90;-90;7;0
2112873 12003108#9999;-21;0;7
10503571 559238#-25;-25;7;0
8407140 8797473#9999;-26;0;7
19970 11880972#9999;-33;0;7
12602916 16764780#9999;-13;0;7
12610208 4014528#9999;-97;0;7
27400 14605307#9999;-29;0;7
14709838 971678#9999;-21;0;7
2127236 851952#9999;-27;0;7
30231 2288762#9999;-31;0;7
8421028 9327865#-27;-27;7;0
6324715 6058800#-92;-92;7;0
12616428 7718771#-30;-30;7;0
2132017 7673298#9999;-29;0;7
10522274 6436742#9999;-21;0;7
4231154 1874909#9999;-21;0;7
6328572 8361232#9999;-37;0;7
4236759 14266850#9999;-20;0;7
8431553 8523263#9999;-24;0;7
14724122 6171476#9999;-22;0;7
8433834 1538501#9999;-24;0;7
14725213 7728708#9999;-37;0;7
4240622 14265876#9999;-32;0;7
14727643 15932172#-15;-17;7;0
4243583 7814240#9999;-28;0;7
8437855 10214481#9999;-29;0;7
10535286 4552584#9999;-37;0;7
6345808 14109485#9999;-10;0;7
2153097 4578304#9999;-37;0;7
2155333 13559567#9999;-26;0;7
10544751 6578756#9999;-22;0;7
6350980 9788566#9999;-24;0;7
6352258 15722705#9999;-19;0;7
2159174 11203177#-29;-29;7;0
4257990 5268935#9999;-24;0;7
10550770 1446196#9999;-14;0;7
14746028 11082564#9999;-34;0;7
10554318 12571038#9999;-27;0;7
4262824 1509590#9999;-11;0;7
8457316 13306128#9999;-24;0;7
4265108 458983#9999;-27;0;7
72110 16252170#9999;-27;0;7
12655698 10738779#9999;-9;0;7
2170253 2540271#9999;-31;0;7
4268684 2237532#9999;-19;0;7
14754982 12749491#9999;-29;0;7
6366805 9428071#9999;-28;0;7
6367631 7140739#9999;-5;0;7
2173807 11905738#9999;-27;0;7
10563592 14956618#9999;-26;0;7
14759736 11797432#-27;-27;7;0
14762427 8755342#9999;-26;0;7
6374397 2183653#9999;-21;0;7
2180106 2474131#9999;-34;0;7
6380100 8729350#9999;-25;0;7
2185739 11578624#9999;-30;0;7
8477583 6717290#9999;-21;0;7
10575575 11748181#9999;-24;0;7
12672595 2554834#9999;-5;0;7
14776957 14578010#9999;-28;0;7
4291349 3869032#9999;-24;0;7
10584055 13354778#9999;-25;0;7
8489942 5427464#9999;-37;0;7
4297527 16382249#9999;-27;0;7
103342 15998967#9999;-19;0;7
10594115 9041491#9999;-26;0;7
14789017 4679887#9999;-21;0;7
6402662 4703047#9999;-20;0;7
4309260 8283854#9999;-21;0;7
2212685 7821963#9999;-24;0;7
12702068 2239530#9999;-27;0;7
10608202 11431595#9999;-26;0;7
10609644 8200671#9999;-22;0;7
14804719 12278370#9999;-32;0;7
126910 8164365#9999;-31;0;7
8515674 11004344#9999;-32;0;7
10614296 12408570#9999;-20;0;7
134400 10760062#9999;-29;0;7
8524938 12210309#9999;-90;0;7
4330890 14440693#9999;-29;0;7
12721026 3707882#9999;10;0;7
2236086 8316697#9999;-24;0;7
14819239 14947182#9999;-22;0;7
4333330 10454980#9999;-26;0;7
12722529 3888799#9999;-31;0;7
14820211 10880213#9999;-31;0;7
8531361 11424810#9999;-31;0;7
14827052 2330907#9999;-23;0;7
4343669 10380910#9999;-28;0;7
2246536 10325301#9999;-29;0;7
6441047 8062797#9999;-24;0;7
8540827 15855049#9999;-26;0;7
2249506 11469960#-34;-34;7;0
14832893 341751#-8;-11;7;0
4348047 12023642#9999;-32;0;7
12737674 10407398#9999;-26;0;7
12738303 8395157#9999;-90;0;7
10642308 9706109#9999;-22;0;7
10642720 224751#9999;-30;0;7
12740327 11352432#9999;-33;0;7
10648049 15086122#9999;-5;0;7
6454442 4740195#9999;-28;0;7
2261015 9276526#9999;-24;0;7
4358496 16191749#9999;-32;0;7
8554100 7324408#9999;-24;0;7
4361827 7259487#9999;-28;0;7
8557442 7895298#-21;-21;7;0
4363357 13781885#-13;-30;7;0
14849529 14813129#9999;-30;0;7
2267324 2345144#9999;-5;0;7
14850408 16318053#9999;-21;0;7
10656744 9250790#9999;-22;0;7
14852044 7309815#9999;-28;0;7
6464414 16126446#9999;-17;0;7
173781 6666668#9999;-24;0;7
14854512 3204217#9999;-92;0;7
174973 10113933#9999;-7;0;7
8564866 10156037#9999;-26;0;7
2273688 1500210#9999;-29;0;7
177473 12262409#9999;-25;0;7
2275803 440161#9999;-37;0;7
12761757 1644172#9999;-24;0;7
10664728 15940790#9999;-21;0;7
12763561 11166153#9999;-13;0;7
6474338 12043646#9999;-25;0;7
186883 10931730#9999;-30;0;7
4382984 10492573#9999;-7;0;7
6480761 7752259#9999;-27;0;7
10674949 699753#9999;-92;0;7
10675299 2561846#9999;-19;0;7
4384732 967456#9999;-24;0;7
14871235 12434986#9999;-22;0;7
4385952 6287548#9999;-24;0;7
192358 11582701#9999;-29;0;7
14872941 13202854#9999;-22;0;7
6484723 16244495#9999;-25;0;7
2291348 12326744#9999;-27;0;7
12777311 6249268#9999;-24;0;7
8583318 10727687#9999;-27;0;7
2293928 1431538#9999;-9;0;7
14878005 4787655#9999;-29;0;7
6491617 3713242#9999;-21;0;7
14882346 9005926#9999;-30;0;7
10690569 2075814#9999;-20;0;7
14885609 13038575#9999;-27;0;7
4401861 12457450#9999;-21;0;7
4402218 8932149#9999;-27;0;7
2307779 15561100#9999;-19;0;7
12794246 14206007#-29;-29;7;0
8600962 7744583#9999;-26;0;7
6507229 3120866#9999;-8;0;7
12799624 5844267#9999;-90;0;7
14897442 3093866#9999;-24;0;7
6509286 11724307#-12;-12;7;0
219058 15598645#9999;-29;0;7
2316868 12673829#9999;-26;0;7
6512810 1910508#9999;-27;0;7
14901931 5299305#9999;-24;0;7
14904742 8147926#9999;-37;0;7
6517896 10201425#9999;-26;0;7
6523974 716213#9999;-24;0;7
2331936 8395542#9999;-30;0;7
12818513 5504837#9999;-7;0;7
14917832 11333029#9999;-29;0;7
4434393 6417603#9999;-25;0;7
4435581 8644426#9999;-29;0;7
10727370 15700054#9999;-41;0;7
12825126 6375243#9999;-26;0;7
10730546 6616106#9999;-20;0;7
14925311 4783540#9999;-21;0;7
14925409 12872344#9999;-24;0;7
6536869 5216093#9999;-41;0;7
14928587 263086#9999;-24;0;7
249954 7592127#9999;-30;0;7
8638792 10125670#9999;-26;0;7
252146 5338383#9999;-27;0;7
253362 15591112#9999;-21;0;7
14934298 1065240#9999;-21;0;7
4449936 3686302#9999;-22;0;7
10744690 13867479#9999;-90;0;7
259164 9059753#9999;-21;0;7
10744852 16655240#9999;-20;0;7
8648787 5967451#9999;-27;0;7
10746402 9264773#9999;-4;0;7
10747641 10849218#-14;-30;7;0
10748138 4565796#9999;-4;0;7
14942293 11177415#9999;-27;0;7
4457807 5552639#9999;-37;0;7
14944646 13292542#9999;-19;0;7
2362149 7566732#9999;-31;0;7
12854270 8254795#9999;-20;0;7
2370367 14960673#9999;-27;0;7
12856744 3299702#9999;-15;0;7
12859246 3185460#9999;-26;0;7
2373617 3236407#9999;-22;0;7
6568433 4873336#9999;-24;0;7
8666056 14725790#9999;-26;0;7
6569838 7748984#-27;-27;7;0
10765299 15768302#9999;-20;0;7
8667979 10337295#9999;-28;0;7
14959811 10527004#9999;-21;0;7
8671125 7867961#9999;-21;0;7
6574248 8901718#9999;-31;0;7
4477303 3573496#9999;-22;0;7
10771697 14180663#9999;-26;0;7
12871234 11788195#9999;-27;0;7
289365 14901166#9999;-27;0;7
4487251 240242#9999;-15;0;7
8683423 14658484#9999;-21;0;7
8685825 14379226#9999;-106;0;7
2395957 11498419#9999;-30;0;7
299723 13395925#9999;-26;0;7
12882848 2479356#9999;-21;0;7
10789951 4793811#9999;-24;0;7
14985968 12906709#9999;-25;0;7
14987057 13571468#9999;-21;0;7
6599886 13614596#9999;-6;0;7
10795147 5976726#9999;-30;0;7
6601589 14964724#9999;-27;0;7
2409245 2537568#9999;-24;0;7
12896149 3728593#9999;-21;0;7
4507681 8652684#9999;-29;0;7
8702398 5883309#9999;-28;0;7
2412568 9963354#9999;-21;0;7
6607315 8956985#9999;-27;0;7
8706517 2072044#9999;-20;0;7
10804762 16747584#9999;-19;0;7
319573 14728531#9999;-25;0;7
6612225 12345205#-12;-12;7;0
15002998 5414714#9999;-30;0;7
325649 750221#-16;-23;7;0
2424507 16119572#9999;-7;0;7
10814773 7317689#9999;-13;0;7
2426495 1596756#9999;-29;0;7
329453 2881521#9999;-24;0;7
2428134 12853020#9999;-30;0;7
8719682 16012200#9999;55;0;7
8719711 10155613#-22;-26;7;0
15011874 7584121#9999;-28;0;7
8723548 16704315#9999;-29;0;7
2432714 7275313#9999;-20;0;7
10823221 9251262#-29;-29;7;0
12922279 14230066#9999;-29;0;7
341554 6350685#9999;-22;0;7
12926431 15429064#9999;-19;0;7
4540006 12716057#9999;-91;0;7
10832609 4778167#9999;-37;0;7
2444029 8760624#9999;-24;0;7
10834820 2731600#9999;-19;0;7
349198 118998#9999;-24;0;7
6640831 5589537#9999;-21;0;7
10836567 4845673#9999;-28;0;7
15032808 4754063#-24;-24;7;0
10838315 10270867#9999;-20;0;7
12937761 5197277#9999;-30;0;7
6647030 2217505#9999;-27;0;7
4550444 13896064#9999;-23;0;7
15037470 6238581#9999;-21;0;7
8746591 5639472#9999;-22;0;7
8746922 13706456#9999;-18;0;7
359748 1560911#9999;-92;0;7
12944343 16572482#9999;-21;0;7
2461886 14304683#9999;-21;0;7
12948412 12236803#9999;-31;0;7
12948511 8533931#9999;-28;0;7
10852837 916599#9999;-23;0;7
6659705 16468597#9999;-12;0;7
2465392 5756038#9999;-30;0;7
8756861 9764209#9999;-27;0;7
8758935 3523962#9999;1;0;7
6662059 12839305#9999;-22;0;7
15052813 2362543#9999;-37;0;7
4568254 8932607#9999;-33;0;7
15056246 5597775#9999;-30;0;7
6668478 10315187#9999;-90;0;7
378261 12113203#9999;-26;0;7
15059488 15186344#-16;-26;7;0
15059517 8985693#-32;-32;7;0
8768582 1270422#9999;-21;0;7
4575471 14711137#9999;-27;0;7
8772041 8450323#9999;-31;0;7
2480630 12696425#9999;-31;0;7
12966922 6245616#9999;-21;0;7
8773226 12091067#9999;-27;0;7
12968266 15754827#-14;-14;7;0
12969361 14201612#9999;-23;0;7
2484796 15019034#-73;-73;7;0
12972666 15009396#9999;-31;0;7
4584728 12297164#9999;-28;0;7
391908 2710541#-7;-7;7;0
2489244 4766949#9999;-90;0;7
392739 12235541#9999;-26;0;7
2493324 15707464#-13;-20;7;0
401016 4306836#9999;-30;0;7
10887257 5131853#9999;-5;0;7
4596302 7107580#9999;-27;0;7
402505 16426641#9999;-19;0;7
4596945 5247740#-24;-24;7;0
2502225 11175250#9999;-29;0;7
2503526 5150019#9999;-24;0;7
15087092 6621833#9999;-31;0;7
15089502 5598213#-37;-37;7;0
410358 15216793#9999;-38;0;7
8804668 16727958#9999;-15;0;7
13000443 7712840#9999;-27;0;7
4612049 10283409#9999;-27;0;7
4614280 8158347#9999;-89;0;7
4614469 8515949#9999;-34;0;7
15102578 15951206#9999;-34;0;7
6714555 9123442#9999;-10;0;7
8812572 8895449#9999;-30;0;7
10910909 8302688#9999;-19;0;7
10912883 15725700#9999;-22;0;7
10913775 15368492#9999;-29;0;7
13011069 10925802#9999;-25;0;7
4625771 2923834#9999;-19;0;7
15112357 6997757#9999;-34;0;7
2529459 9372561#9999;-32;0;7
8823475 9315266#9999;-18;0;7
15116773 5672167#9999;-21;0;7
15117743 13582624#9999;-29;0;7
437833 16335980#9999;-27;0;7
6735642 3477688#9999;-21;0;7
4639987 9626301#-27;-27;7;0
15125914 13682748#9999;-29;0;7
2545010 16173175#9999;-92;0;7
6739868 9229669#9999;-27;0;7
448674 38884#9999;-27;0;7
15129269 2271829#9999;-6;0;7
2548654 2972937#-12;-24;7;0
4646921 5156104#9999;-29;0;7
10939395 16641297#9999;-27;0;7
454990 7539365#9999;0;0;7
10945505 16134610#9999;-20;0;7
8848164 15869539#9999;-26;0;7
6754212 6470976#9999;-24;0;7
10948735 8435929#9999;-27;0;7
15144027 6428360#9999;-30;0;7
4658650 9288222#9999;-29;0;7
4659197 7083187#9999;-21;0;7
4661552 13496511#9999;-21;0;7
8855904 15028077#9999;-18;0;7
13052664 13800391#9999;-25;0;7
8859121 16758465#9999;-32;0;7
471896 927856#9999;-92;0;7
13055355 8896842#9999;-28;0;7
8862485 9922362#9999;-29;0;7
4670220 11323188#9999;-20;0;7
2573777 5829712#9999;-25;0;7
6768701 15569971#9999;-24;0;7
8869825 5416499#9999;-37;0;7
483121 12432273#-5;-5;7;0
484593 12395474#9999;-26;0;7
10970480 5410564#9999;-30;0;7
15166556 15774154#9999;-29;0;7
10972640 7348916#9999;-27;0;7
2585292 2451232#9999;0;0;7
489518 7937634#9999;-22;0;7
13073608 5424139#9999;-22;0;7
2588056 2910288#9999;-21;0;7
8879886 12421210#9999;-27;0;7
10977546 11990387#9999;-13;0;7
8881700 4071443#9999;-22;0;7
15173842 11792963#9999;-33;0;7
6786722 8690828#9999;-90;0;7
496923 4127517#9999;-11;0;7
10983320 3388818#9999;-25;0;7
4691750 514219#9999;-31;0;7
13080586 8356436#9999;-25;0;7
15178040 11082894#9999;-24;0;7
2600322 12708349#9999;-29;0;7
6795507 8179927#9999;-26;0;7
15185766 2553894#9999;-26;0;7
6797721 10708954#9999;-25;0;7
4700967 14036810#-6;-11;7;0
8895800 16455130#9999;-30;0;7
13091321 16483106#9999;-4;0;7
10994343 9026387#9999;-32;0;7
2605667 149142#9999;-27;0;7
4705871 10593306#9999;-31;0;7
6803557 14857034#9999;-12;0;7
4706464 9549636#9999;-31;0;7
8901247 4574020#9999;-23;0;7
13096733 9655001#9999;-32;0;7
13098280 2022631#9999;-27;0;7
11003923 10061122#9999;-27;0;7
15198867 15490241#9999;-27;0;7
2616135 3631644#9999;-5;0;7
15200480 11573193#9999;-28;0;7
4715163 14922657#9999;-22;0;7
2618348 10038986#9999;-24;0;7
8911850 6513287#9999;-23;0;7
527161 723248#9999;-5;0;7
8916730 2813244#9999;-22;0;7
13110882 10841977#9999;-31;0;7
6819827 1615572#9999;-37;0;7
15208943 11785118#9999;-47;0;7
529669 2770612#9999;-27;0;7
15210379 12478507#9999;-18;0;7
11016391 11708878#-4;-9;7;0
6822769 13176709#9999;-23;0;7
13114349 3603708#9999;-21;0;7
2629715 1890003#9999;-22;0;7
15212935 13099022#9999;-4;0;7
11019015 11680141#9999;-19;0;7
8926023 13306800#9999;-24;0;7
8926695 9105719#9999;-29;0;7
2636024 11702789#9999;-6;0;7
8930226 4697636#9999;-29;0;7
6834104 16051773#9999;-27;0;7
15223645 4971436#9999;-21;0;7
4738276 13543937#9999;-21;0;7
8933784 833004#9999;-18;0;7
15225388 8560705#9999;-19;0;7
4743024 1052580#9999;-28;0;7
4745325 7183572#-7;-7;7;0
15231850 4466839#9999;-92;0;7
552454 14474780#9999;-26;0;7
8942315 2097757#9999;-26;0;7
6845069 8968981#9999;-7;0;7
13136672 3189054#9999;-22;0;7
554950 1798999#9999;-22;0;7
11041026 8908888#-26;-26;7;0
2652969 2474547#9999;-22;0;7
13139921 1733872#9999;-28;0;7
2655207 11830999#9999;-25;0;7
6850780 11900430#9999;-30;0;7
8948172 6049062#9999;-22;0;7
2658616 14403686#9999;-26;0;7
2659995 14895054#9999;-31;0;7
8952521 14873116#9999;-23;0;7
564317 15817711#9999;-31;0;7
565385 11750484#9999;-22;0;7
8954270 5207415#9999;-21;0;7
8956949 3762018#9999;-47;0;7
11056698 15285402#9999;-31;0;7
13155965 16433069#-9;-9;7;0
11061129 5646099#9999;-26;0;7
8964056 7022137#9999;-19;0;7
15255313 14263638#9999;-25;0;7
8965001 5918548#9999;-24;0;7
8967824 13540459#9999;-90;0;7
6871885 14778742#9999;-27;0;7
11066219 11207702#9999;-4;0;7
580627 14345605#9999;-30;0;7
6872302 14225118#9999;-30;0;7
581034 9517676#9999;-24;0;7
2678958 4676739#-106;-106;7;0
4777777 998611#9999;-26;0;7
13166925 14758837#9999;-38;0;7
2681577 11313784#9999;-29;0;7
8972916 13562786#9999;-14;0;7
585383 11101935#9999;-36;0;7
13168410 186732#9999;-26;0;7
2686591 6625016#9999;-27;0;7
11076187 13737590#9999;-22;0;7
2688412 14217353#9999;-26;0;7
13175706 15714370#9999;-20;0;7
593057 9645107#9999;-25;0;7
13177442 15736310#9999;-26;0;7
13181127 5240121#9999;-21;0;7
11083872 10721939#9999;-34;0;7
8988992 2475168#9999;-27;0;7
13183502 14107692#9999;-30;0;7
15280642 2093647#9999;-31;0;7
8989696 10049383#9999;-27;0;7
4795756 9036180#9999;-28;0;7
13187802 13861464#9999;-73;0;7
2702478 2947190#9999;-22;0;7
11091599 9669069#9999;-31;0;7
8995851 19094#9999;-21;0;7
11093082 4017084#9999;-28;0;7
4802260 11101475#9999;-24;0;7
612681 2410159#9999;-26;0;7
13196587 11128491#-28;-28;7;0
9002923 14423848#9999;-29;0;7
615837 6738196#9999;-21;0;7
15295746 6760471#9999;-30;0;7
11102182 3536252#9999;-31;0;7
9005479 10854157#9999;-14;0;7
9008830 14903872#9999;-3;0;7
11107555 1708571#9999;-21;0;7
15301755 11576950#-27;-27;7;0
13208702 6209416#-40;-40;7;0
13209009 13501398#9999;-30;0;7
11111800 8159417#9999;-21;0;7
11113665 14213722#9999;-27;0;7
4822213 12014942#9999;-10;0;7
15307864 13960324#9999;-18;0;7
2725511 8137521#9999;-20;0;7
13215047 11596592#9999;-29;0;7
9023977 9847241#9999;-26;0;7
2733616 9770233#9999;-24;0;7
9026308 13494659#-12;-12;7;0
2738151 16364262#9999;-29;0;7
6933306 3716552#9999;-28;0;7
2740667 7019785#9999;-10;0;7
6937842 4612641#9999;-20;0;7
4841882 15734144#9999;-29;0;7
4843993 14698195#9999;-37;0;7
6941337 12502111#9999;-6;0;7
13237148 11274457#9999;-25;0;7
15334483 4987253#9999;-21;0;7
15335732 13370727#-14;-14;7;0
9046659 3883661#9999;-25;0;7
4854980 6165697#9999;-29;0;7
15344040 4564199#9999;-21;0;7
2764533 11975098#9999;-28;0;7
2764892 14564999#9999;-26;0;7
15348060 12072695#9999;-90;0;7
13252976 12936441#9999;-26;0;7
670170 166504#9999;-24;0;7
13254902 68509#9999;-23;0;7
6963695 90091#9999;-37;0;7
672991 13028956#9999;-25;0;7
9064353 5905470#9999;-27;0;7
6968685 13694650#9999;-24;0;7
2775978 15858020#9999;-20;0;7
11165561 9858089#9999;-36;0;7
9069602 10338012#9999;-24;0;7
15363584 2811834#-22;-22;7;0
15365595 16581496#9999;-29;0;7
685655 6893013#9999;-28;0;7
13268554 6186515#9999;-92;0;7
686091 8706535#9999;-22;0;7
686339 6300325#9999;2;0;7
6978089 14972823#9999;-27;0;7
2783949 13928125#9999;-35;0;7
4881927 13052249#9999;-27;0;7
11174262 12901784#9999;-26;0;7
11175634 2545169#9999;-30;0;7
9079974 3310091#9999;-92;0;7
15371343 13088382#9999;-18;0;7
691701 15338894#9999;-73;0;7
692751 12786874#9999;-27;0;7
9082378 15377926#9999;-47;0;7
2792749 2522521#9999;-24;0;7
13278926 15817412#9999;-23;0;7
9085032 11925889#9999;-32;0;7
13279884 15148266#9999;-31;0;7
9087359 5744719#-14;-14;7;0
6991204 10453638#9999;-28;0;7
11188643 12017455#-8;-11;7;0
9092286 16422935#9999;-22;0;7
704059 16288080#9999;-100;0;7
6995900 10118591#9999;-29;0;7
706060 7599564#9999;-30;0;7
9094731 11618962#-25;-25;7;0
4900736 13649054#9999;-70;0;7
11193264 13947631#9999;-90;0;7
15389591 10777577#9999;-29;0;7
7001944 1848457#9999;-24;0;7
13296906 7424773#9999;-33;0;7
7006946 650601#9999;-30;0;7
9105915 9497333#9999;-27;0;7
13301451 12636423#9999;-20;0;7
15398905 1462237#9999;-31;0;7
13302539 14952086#9999;-26;0;7
15403485 14037618#9999;-19;0;7
15404771 8953538#9999;-25;0;7
9116404 14841395#9999;-25;0;7
4924806 15339074#9999;-21;0;7
7023500 8515476#9999;-26;0;7
11219711 256804#9999;-24;0;7
2832868 4339547#9999;-92;0;7
13323403 1572276#9999;-22;0;7
15421508 13573958#9999;-28;0;7
13328731 11200754#9999;-22;0;7
9135964 3947935#9999;-27;0;7
7039582 4014889#9999;-28;0;7
11234241 14713096#9999;-31;0;7
13332575 5630479#9999;-31;0;7
2847781 3931325#9999;-32;0;7
751537 5656540#9999;-21;0;7
7044958 5913172#9999;-29;0;7
9142040 14152257#-17;-27;7;0
4948680 11763425#9999;-21;0;7
4949022 13140903#9999;-89;0;7
15437783 9117139#9999;-20;0;7
15437969 14682115#9999;-26;0;7
7051309 4180318#9999;-15;0;7
13343031 11785577#9999;-23;0;7
9149367 12979434#9999;-21;0;7
2858919 7529526#9999;-5;0;7
13345322 1296738#9999;-28;0;7
4961095 2627261#9999;-22;0;7
15448167 11189684#-29;-29;7;0
2868104 14359739#9999;-29;0;7
772285 8992753#9999;-22;0;7
9161842 3240081#9999;-27;0;7
4969223 12623760#-5;-8;7;0
2872737 16558021#9999;-35;0;7
11262685 12655461#9999;-27;0;7
11263146 16580742#9999;-36;0;7
2875376 16411247#9999;-23;0;7
15458815 1360435#9999;-26;0;7
15458630 9219612#9999;-24;0;7
13362876 1697209#9999;-19;0;7
9168924 8604837#9999;-29;0;7
13365900 14733727#9999;-25;0;7
2880981 4145232#9999;-21;0;7
15463981 1694246#9999;-22;0;7
2883420 10029824#9999;-22;0;7
787240 13134625#9999;-31;0;7
11273967 7413638#9999;-21;0;7
4984553 15085139#9999;-26;0;7
15470464 10749138#-29;-29;7;0
792166 7500720#9999;-21;0;7
793041 7750634#9999;-24;0;7
9181788 11615657#9999;-4;0;7
13379624 12346958#9999;-15;0;7
9186384 13153676#9999;-21;0;7
4992410 13277666#9999;-20;0;7
13381328 12413967#9999;-23;0;7
4994351 12437383#9999;-21;0;7
9189777 11919199#9999;-31;0;7
802033 2249886#9999;-21;0;7
13386597 11077053#9999;-23;0;7
803996 14444355#9999;-27;0;7
9195789 7003506#9999;-92;0;7
11294503 1700402#9999;-29;0;7
9199611 9303491#9999;-29;0;7
2908596 9618640#9999;-19;0;7
11301280 12926162#9999;-26;0;7
819034 8883863#9999;-22;0;7
2918600 11470841#9999;-31;0;7
821978 3298739#9999;-31;0;7
15503142 11313706#9999;-21;0;7
5018209 14989092#9999;-21;0;7
15510022 16299358#9999;-24;0;7
830654 2004738#9999;-21;0;7
15512087 2789505#9999;-22;0;7
2929692 15536194#9999;-22;0;7
9226495 14240551#-17;-27;7;0
7129795 3875659#9999;-28;0;7
839004 10762844#9999;-33;0;7
13422553 12916595#9999;-37;0;7
13422822 2957994#9999;-12;0;7
15521263 7235295#-4;-7;7;0
13424316 10768788#9999;-22;0;7
5039819 2416146#9999;-20;0;7
15525795 12690976#9999;-29;0;7
5039934 10745850#9999;-18;0;7
15527159 14707086#9999;-90;0;7
15527226 1959016#9999;-32;0;7
15529319 11316572#9999;-22;0;7
15531011 1964958#9999;-21;0;7
15531480 12545955#9999;-47;0;7
7143798 10254769#9999;-7;0;7
13437712 15008879#9999;-27;0;7
9244773 3213226#9999;-31;0;7
7151804 9521146#-5;-12;7;0
15540695 9831141#9999;-13;0;7
13446481 15034297#9999;-24;0;7
15544772 4324398#9999;-22;0;7
2963594 10128697#9999;-90;0;7
15548059 8984634#9999;-30;0;7
9258524 10376083#-28;-29;7;0
5065025 7163598#9999;-21;0;7
2968323 10891425#9999;-7;0;7
15551622 13908585#9999;-31;0;7
11358460 10918697#9999;-13;0;7
15553148 13845162#9999;-17;0;7
2970536 554103#9999;-22;0;7
873707 349181#9999;-27;0;7
5070602 14531969#9999;-98;0;7
15557744 11192975#9999;-27;0;7
7170186 14527777#9999;-21;0;7
13464112 11632571#9999;-26;0;7
13467521 4953627#9999;-28;0;7
5080432 1063365#9999;-92;0;7
9274733 2585091#9999;-28;0;7
11372195 8454413#9999;-24;0;7
886686 6956247#9999;-11;0;7
9275804 896973#9999;-22;0;7
7179113 5296424#9999;0;0;7
11375155 13397874#9999;-28;0;7
2987202 2506411#9999;-27;0;7
9278939 2517725#9999;-37;0;7
890648 13885706#9999;-23;0;7
9279887 14307590#9999;-5;0;7
2988306 12058844#9999;-27;0;7
11380880 12560050#9999;-17;0;7
895293 513177#9999;-21;0;7
13478532 15945458#9999;-27;0;7
7188448 15984637#9999;-22;0;7
11384426 12115569#9999;-31;0;7
2997158 4163193#9999;-21;0;7
900297 13083580#9999;-22;0;7
2998759 4163855#9999;-26;0;7
13486018 8403016#9999;-44;0;7
7195568 3308005#9999;-18;0;7
3001524 9794073#-5;-8;7;0
906098 11005680#9999;-30;0;7
15587098 4999263#-31;-31;7;0
13492142 1844173#9999;-37;0;7
9297738 2937575#9999;-25;0;7
5104456 4038025#9999;-20;0;7
13493352 16321457#9999;-29;0;7
911326 8564218#-6;-7;7;0
914933 8069136#9999;-28;0;7
13498551 4011521#9999;-21;0;7
918135 9735242#9999;-30;0;7
13501839 4991039#9999;-5;0;7
9307819 9921055#9999;-18;0;7
9308807 13560656#9999;-90;0;7
9309411 12800229#-13;-23;7;0
13505184 12470870#9999;-29;0;7
7214218 6218937#9999;-5;0;7
9313231 7033090#-21;-21;7;0
5118737 1997545#9999;-24;0;7
15606719 14400994#9999;-18;0;7
13510258 9091354#-4;4;7;0
927616 13588199#9999;-27;0;7
15609317 10172655#9999;-26;0;7
3026856 9125359#9999;-26;0;7
13512903 487242#9999;-23;0;7
933108 13051795#9999;-28;0;7
13516656 220944#9999;-26;0;7
9322797 69104#9999;-20;0;7
5128939 3610726#9999;-31;0;7
15617118 1577609#9999;-27;0;7
9326586 7758127#9999;-5;0;7
7230003 16476273#9999;-42;0;7
11424293 2010397#9999;-28;0;7
9327719 266847#9999;-22;0;7
5133949 16690406#9999;-28;0;7
7231233 11542568#9999;-24;0;7
11431918 2203492#9999;-27;0;7
3050663 9284004#9999;-24;0;7
11440037 3041153#9999;-27;0;7
13538631 870173#9999;-24;0;7
9346023 9956865#9999;-27;0;7
11445525 8882019#9999;-20;0;7
3057200 14519946#9999;-21;0;7
3061505 3717254#9999;-27;0;7
15644541 4480940#9999;-92;0;7
965446 10327381#9999;-25;0;7
15646253 1743102#9999;-28;0;7
5161148 3978265#9999;-26;0;7
9355766 6996456#9999;-21;0;7
15649692 12459792#-27;-27;7;0
13553232 4737371#9999;0;0;7
15654064 1449719#-9;-20;7;0
15654846 11975964#9999;-31;0;7
15655786 16034471#9999;-22;0;7
5170143 9387533#9999;-26;0;7
9365580 13807182#9999;-29;0;7
13560524 10975181#-29;-29;7;0
5173555 11000901#9999;-21;0;7
11467248 14629839#9999;-23;0;7
15662124 10469239#9999;-9;0;7
7273844 192918#9999;-26;0;7
9373938 3388774#9999;-29;0;7
15665191 16634035#9999;-26;0;7
986096 9468739#9999;-17;0;7
11472197 2836782#9999;-28;0;7
7279021 14921544#9999;-90;0;7
3084762 1826371#9999;-106;0;7
9379229 15153465#9999;-37;0;7
11478726 15526860#9999;-20;0;7
7284374 12866590#9999;-19;0;7
3090513 15031232#9999;-19;0;7
15675660 15324188#9999;-90;0;7
15676590 3093251#9999;-92;0;7
11485223 14241232#9999;-90;0;7
11485778 13080995#9999;-27;0;7
3099988 11688270#9999;-32;0;7
13586854 13530349#-31;-31;7;0
3103704 14280280#9999;-90;0;7
3104014 10623774#9999;-29;0;7
9396109 11490705#9999;8888;0;7
13590322 4223858#-15;-18;7;0
3105572 529354#9999;-21;0;7
15692495 14198723#-14;-14;7;0
9403950 2696198#9999;-25;0;7
5210138 8320744#9999;-22;0;7
9404928 8669265#9999;-29;0;7
7308716 2851034#9999;-21;0;7
13600048 13923235#9999;-25;0;7
13601008 15762482#9999;-22;0;7
9406804 10848255#9999;-90;0;7
9407734 6512864#9999;-92;0;7
5214007 16378573#9999;-26;0;7
11507417 11746072#-22;-29;7;0
11507789 4013191#-28;-28;7;0
13606558 10532911#9999;-26;0;7
15704172 11587917#9999;-21;0;7
13607437 9775351#9999;-26;0;7
15705074 3950177#9999;-24;0;7
3123062 14781496#9999;-27;0;7
13609588 14742158#9999;-27;0;7
1027159 6888372#9999;-86;0;7
15707738 12823616#9999;-27;0;7
13612068 11703177#9999;-30;0;7
9418160 10872886#-20;-20;7;0
7322405 12403666#9999;-29;0;7
1031488 4914580#-9;-13;7;0
5226047 11191163#9999;-24;0;7
3128974 16669068#9999;-18;0;7
9424709 15612595#9999;-22;0;7
3136222 4179860#9999;-24;0;7
11527215 16377168#9999;-26;0;7
5236258 5460644#9999;-92;0;7
13625201 9166113#9999;-36;0;7
15722737 5154223#9999;-23;0;7
11528583 397169#9999;-20;0;7
9433013 9445859#9999;-26;0;7
1045578 9472619#9999;-26;0;7
13628883 13824522#9999;-24;0;7
15726505 4697398#9999;-30;0;7
13630941 5503276#9999;-92;0;7
3146084 6171042#9999;-5;0;7
15730332 8818135#9999;-26;0;7
9442675 473938#9999;-24;0;7
11542392 15258559#9999;-31;0;7
11543094 15450072#9999;-11;0;7
11543758 15381913#9999;-23;0;7
13641814 6905755#9999;-31;0;7
3157469 12778585#9999;-24;0;7
13644721 8029490#9999;-26;0;7
7353702 1318606#9999;-31;0;7
3161905 15343121#9999;-24;0;7
3162907 10858536#9999;-29;0;7
3165026 13658705#9999;-25;0;7
11554025 12371143#9999;-27;0;7
15750629 14298197#9999;-24;0;7
7364664 8885784#9999;-28;0;7
3172182 15466427#9999;-32;0;7
7369440 8548641#9999;-30;0;7
7370052 13653761#9999;-25;0;7
1079486 6266077#9999;-26;0;7
7371822 1040396#9999;-25;0;7
3178598 16020358#9999;-27;0;7
15762402 3148549#9999;-18;0;7
3179566 15469251#9999;-15;0;7
7376266 4264933#9999;-22;0;7
5283892 16258491#9999;-26;0;7
1092051 7659122#9999;-27;0;7
9481692 2752304#9999;-37;0;7
15772971 4942001#9999;-24;0;7
9483034 13762098#9999;-29;0;7
11581470 8970583#9999;-20;0;7
15778021 12612698#9999;-30;0;7
3195001 13833193#9999;-6;0;7
3196927 8084213#9999;-21;0;7
3198083 2779497#9999;-23;0;7
9489472 181056#9999;-20;0;7
9490425 8459960#9999;-20;0;7
3200323 15582242#9999;-26;0;7
7394841 129025#9999;-21;0;7
15783694 16630050#9999;-17;0;7
11590656 8122749#9999;-20;0;7
1105880 4173365#9999;-21;0;7
11592125 10098673#9999;-25;0;7
7397789 7796672#9999;-29;0;7
7400141 4452282#9999;-28;0;7
9498045 9863094#9999;-26;0;7
7401057 3677556#9999;-22;0;7
13693132 2836124#9999;-29;0;7
9501087 1110027#9999;-27;0;7
5310391 9312199#9999;-28;0;7
1117388 15716654#9999;-30;0;7
1117557 10751687#9999;-24;0;7
15798810 2645090#9999;-22;0;7
11605534 8827922#-27;-27;7;0
7415972 16099959#9999;-23;0;7
3222097 2274295#9999;-20;0;7
5322327 7460753#9999;-21;0;7
5322478 15317950#9999;-27;0;7
3226316 3568312#9999;-92;0;7
15811382 11213045#9999;-30;0;7
11618478 10273887#9999;-17;0;7
11623582 6680697#9999;-28;0;7
13720602 15747326#9999;-8;0;7
9527871 13400692#9999;-21;0;7
13723080 13167362#9999;-24;0;7
1141502 5900087#9999;-8;0;7
9530990 16585497#9999;-26;0;7
5338588 10425088#9999;-28;0;7
11631882 6126615#9999;-21;0;7
5343030 12371524#9999;-90;0;7
13732421 14144218#9999;-26;0;7
3247131 14845359#9999;-22;0;7
5345722 14121298#9999;-27;0;7
11637253 1367710#9999;-27;0;7
9541280 7100413#9999;-24;0;7
15833986 8318727#9999;-21;0;7
11640992 11220561#9999;-21;0;7
11642525 16291222#9999;-34;0;7
1156889 3033084#9999;-21;0;7
15838463 4521290#9999;-31;0;7
1158472 2656854#9999;-21;0;7
3256527 10523156#9999;-26;0;7
15839852 1651814#9999;-27;0;7
15840486 6772693#9999;-22;0;7
13745191 8949085#9999;-42;0;7
1162666 9044381#9999;-34;0;7
1164364 12083919#9999;-25;0;7
7456366 14208191#9999;-22;0;7
7457710 16530222#9999;-26;0;7
13750625 16514023#-18;-23;7;0
1170383 15544386#9999;-28;0;7
5365452 2837503#9999;-24;0;7
5365956 15459533#9999;-5;0;7
11657499 7273081#9999;-31;0;7
11662417 7071190#9999;-22;0;7
5372418 16252389#9999;-19;0;7
7469754 10148612#9999;-27;0;7
9567086 15158038#9999;-32;0;7
3278206 13210478#9999;-97;0;7
11667970 16003022#9999;-25;0;7
15862349 12693960#9999;-26;0;7
15863692 13259921#9999;-23;0;7
7475634 12655168#9999;-27;0;7
3284033 7158975#9999;-30;0;7
3285499 7923039#9999;-25;0;7
9577183 7813955#9999;-18;0;7
9578133 15660676#9999;-32;0;7
7482887 15342238#-11;-18;7;0
15872032 15877470#9999;-32;0;7
1192702 13206478#9999;-19;0;7
13775796 10483263#9999;-20;0;7
11680992 6768619#9999;-31;0;7
7487068 1854008#9999;-102;0;7
7488656 8432606#9999;-27;0;7
15879627 5758503#9999;-28;0;7
11687224 8309932#9999;-21;0;7
7493172 5731759#9999;-29;0;7
3300295 16470864#9999;-28;0;7
3300451 11105648#9999;-26;0;7
9595285 9841884#9999;-30;0;7
9598726 13362672#9999;-27;0;7
11696461 5921995#9999;-42;0;7
11696998 15804420#9999;-33;0;7
1212208 15051043#9999;-25;0;7
13796536 2823176#9999;-31;0;7
7508232 16371191#9999;-21;0;7
3314851 12244905#9999;-29;0;7
15899637 3396492#9999;-24;0;7
3316575 16006429#9999;-24;0;7
3318957 3682708#9999;-24;0;7
3319107 4528127#9999;-23;0;7
15902549 2010082#9999;-21;0;7
15903088 8740646#9999;-23;0;7
7516033 7278335#9999;-29;0;7
11714076 15541598#9999;-29;0;7
13812542 12418023#9999;-30;0;7
5426870 3280964#9999;-28;0;7
1235418 5925436#9999;-26;0;7
11721768 16150717#9999;-19;0;7
3334783 10503881#9999;-29;0;7
11723296 3596175#9999;-24;0;7
11724330 15836186#9999;-25;0;7
3336641 14215067#9999;-29;0;7
9631554 14790494#9999;-26;0;7
5438122 3163605#9999;-37;0;7
13829995 4225191#9999;-31;0;7
15927594 13636310#9999;-18;0;7
9636670 10287766#9999;-27;0;7
9638134 314219#9999;-22;0;7
1252558 9435004#9999;-29;0;7
13837527 4769383#9999;-28;0;7
13839316 13701693#9999;-26;0;7
3357452 5861570#9999;-17;0;7
13843848 4439506#9999;8888;0;7
5455390 15590951#9999;-25;0;7
3358630 5815701#9999;-22;0;7
13844717 14030664#9999;-30;0;7
1262441 12449784#9999;-24;0;7
13847745 9412103#9999;-90;0;7
9658776 15728987#9999;-27;0;7
1271080 12424238#9999;-25;0;7
15952996 5292646#9999;-30;0;7
15954128 4379939#9999;-24;0;7
15955568 208804#9999;-29;0;7
5470793 13827853#9999;-28;0;7
1277301 843034#9999;-23;0;7
13863131 14124662#9999;-19;0;7
15960094 13865415#-26;-26;7;0
9669050 3338522#9999;-24;0;7
7572689 5858676#9999;-7;0;7
11767852 11227628#9999;-21;0;7
7573808 3435328#9999;-37;0;7
5478381 12783805#9999;-19;0;7
11769940 13370717#-6;-11;7;0
11773056 9310950#-1;-5;7;0
11773320 7006628#9999;-20;0;7
7587187 877691#9999;-27;0;7
15979934 6755896#9999;-21;0;7
15983443 13038132#9999;-24;0;7
11791676 12291597#9999;-31;0;7
13890002 15736462#9999;-27;0;7
11792699 338683#9999;-92;0;7
5501672 9703987#9999;-30;0;7
13894098 14306789#9999;-32;0;7
15991324 8142571#9999;-16;0;7
7606093 10521257#9999;-20;0;7
9703487 10467608#9999;-25;0;7
13899315 14436774#9999;-22;0;7
5511225 6962954#9999;-24;0;7
13902263 11224679#9999;-29;0;7
13904615 10378781#9999;-27;0;7
13905889 15002202#9999;-19;0;7
13907127 13385498#9999;-29;0;7
11811669 8939259#9999;-22;0;7
9715172 16222605#9999;-27;0;7
5521859 4414853#9999;-30;0;7
3425309 1247744#9999;-27;0;7
7622939 9383314#9999;-39;0;7
13916130 5904937#9999;-22;0;7
13920395 1557963#9999;-24;0;7
16017930 12281483#9999;-89;0;7
13924040 3647120#9999;-5;0;7
3439262 4235737#9999;-29;0;7
13926569 13972874#9999;-26;0;7
5540345 14901057#9999;-25;0;7
9734984 908278#9999;-33;0;7
7638579 7962425#9999;-27;0;7
7648661 13397531#9999;-25;0;7
7649365 15243658#9999;-21;0;7
11843913 7840550#9999;-37;0;7
16040343 890562#9999;-29;0;7
13943707 10722612#9999;-28;0;7
3458335 12144676#9999;-16;0;7
13944216 15862456#9999;-26;0;7
9751543 9401985#9999;-18;0;7
5557678 14435947#9999;-26;0;7
9754608 3265143#9999;-92;0;7
5562615 16481262#9999;-25;0;7
7661423 6453992#9999;-26;0;7
7664090 15707320#-3;-8;7;0
1374212 13804864#9999;-27;0;7
9763646 11971069#9999;-32;0;7
13958199 10194171#9999;-25;0;7
3473376 16131851#9999;-24;0;7
5572964 6598110#9999;-25;0;7
7671765 1786536#9999;-23;0;7
16062448 9293004#9999;-22;0;7
1383323 1405188#9999;-37;0;7
11869187 4014185#-20;-29;7;0
7676539 12052392#9999;-27;0;7
5581292 10905181#9999;0;0;7
13970553 11026935#9999;-27;0;7
1388423 1516693#9999;-30;0;7
13971904 7500505#9999;-29;0;7
3493500 12983469#9999;-32;0;7
11882957 16719228#9999;-25;0;7
16078261 9162430#9999;-26;0;7
11884439 7761474#9999;-24;0;7
11885445 11218822#-16;-30;7;0
3497510 14049021#9999;-29;0;7
5595038 6489423#9999;-21;0;7
16080685 13111695#9999;-29;0;7
1401698 13188730#9999;-21;0;7
9791903 204801#9999;-21;0;7
9796533 4733897#9999;-28;0;7
16087904 8805916#9999;-29;0;7
11893853 10632806#9999;-37;0;7
13992350 2773870#9999;-19;0;7
11900776 8547327#9999;-29;0;7
9804607 13954888#9999;-26;0;7
13999354 14049395#-34;-34;7;0
1416372 12075486#9999;-27;0;7
7710178 1399461#9999;-24;0;7
3516735 13917579#9999;-33;0;7
16100731 1739354#9999;-24;0;7
11906905 15149734#9999;-26;0;7
9812994 9810972#9999;-25;0;7
9813947 1466852#9999;-25;0;7
9814241 12934294#9999;-27;0;7
1427639 567464#9999;-30;0;7
7719513 7673833#9999;-24;0;7
16108749 6733338#9999;-31;0;7
16109749 4704462#9999;-20;0;7
14012746 15640152#9999;-25;0;7
5624783 15513375#9999;-24;0;7
14015356 4198300#-31;-31;7;0
16117785 2402721#9999;-21;0;7
16118175 2782327#9999;-6;0;7
3536853 16296039#9999;-5;0;7
1441792 12332738#9999;-31;0;7
16123275 1543424#9999;-27;0;7
5637571 6525729#9999;-21;0;7
5641458 8824109#9999;-26;0;7
16129266 12583777#-32;-32;7;0
14034101 11278664#9999;-31;0;7
11937371 13739529#9999;-24;0;7
11946458 15576966#9999;-27;0;7
5656037 16336003#9999;-19;0;7
1462198 5888561#9999;-21;0;7
7755123 2012273#9999;-21;0;7
14047279 12955801#9999;-22;0;7
9853813 2723002#9999;-25;0;7
9854937 5406324#9999;-28;0;7
11952587 4208277#9999;-37;0;7
9855757 1075663#9999;-22;0;7
14050555 8890146#9999;-30;0;7
16151348 3271247#9999;-26;0;7
16153297 12890226#9999;-10;0;7
5668270 10330364#9999;-27;0;7
9863337 9528745#9999;-26;0;7
1477106 4591696#9999;-31;0;7
14060084 7341510#9999;-17;0;7
5671887 8336358#9999;-11;0;7
14061408 7180186#9999;-24;0;7
11965236 12153569#9999;-24;0;7
1479917 12199889#9999;-26;0;7
14063059 13224443#9999;-30;0;7
5674380 6246589#9999;-22;0;7
16161516 12350929#9999;-26;0;7
1481558 9555489#9999;-27;0;7
9881789 11021483#9999;-7;0;7
7784939 5203624#9999;-28;0;7
1494644 13664191#9999;-34;0;7
11980409 1267272#9999;-27;0;7
5689635 11241265#9999;-25;0;7
9884314 6233434#9999;-22;0;7
16177473 8600561#9999;-24;0;7
9886605 12405908#-10;-30;7;0
11985879 12579656#9999;-27;0;7
5694486 14135833#9999;-20;0;7
16182281 13139076#9999;-17;0;7
14086530 10615909#9999;-27;0;7
11993330 2153262#9999;-26;0;7
14090615 13299988#9999;-23;0;7
9897213 14632788#9999;-29;0;7
3606619 13740906#9999;-29;0;7
9899433 8237547#9999;-22;0;7
16192154 14877665#9999;-91;0;7
7803611 4358746#9999;-19;0;7
5707188 12232607#9999;-19;0;7
12003011 6974984#9999;-21;0;7
16197917 1958340#9999;-14;0;7
7810482 1007032#9999;-23;0;7
3618272 15717724#9999;-3;0;7
12008624 3581184#9999;-31;0;7
5717737 1743588#9999;-21;0;7
1523973 14492010#9999;-27;0;7
1525916 13505197#9999;-21;0;7
9915063 7086278#-24;-24;7;0
5720681 1641261#9999;-21;0;7
14109300 12063450#9999;-23;0;7
9915138 15775748#9999;-24;0;7
1528622 2403456#-6;-9;7;0
7820619 13832902#9999;-37;0;7
5724916 903778#9999;-92;0;7
3631727 13303433#9999;-4;0;7
16217350 8399831#-23;-23;7;0
14121201 958064#9999;-30;0;7
12024630 10537711#9999;-34;0;7
16220634 13381367#9999;-33;0;7
12026691 6309471#9999;-24;0;7
9929913 16059898#9999;-21;0;7
7833191 13552490#9999;-31;0;7
16223688 1142579#-12;-13;7;0
12031441 15009470#9999;-11;0;7
3643962 13387071#9999;-21;0;7
9940832 6928157#9999;-90;0;7
9941625 16606242#-24;-24;7;0
16238172 5914904#9999;-30;0;7
12044809 8831785#9999;-27;0;7
5755366 5453933#9999;-27;0;7
1561256 10598625#9999;-30;0;7
14148001 7963656#9999;-26;0;7
9954972 6153330#9999;-37;0;7
3663630 8879774#9999;-90;0;7
5761418 7627191#9999;-27;0;7
5765585 8532241#9999;-103;0;7
7863033 8417819#9999;-25;0;7
3669879 12454212#9999;-26;0;7
7869061 2498593#9999;-21;0;7
16260239 9459341#9999;-22;0;7
16261211 13779254#9999;-31;0;7
9969980 14222074#9999;-24;0;7
7873114 7155853#9999;-22;0;7
9970506 8711077#9999;-30;0;7
7875959 15346856#9999;-26;0;7
9973297 16092485#9999;-37;0;7
12070680 2827932#9999;-28;0;7
3683559 2854164#9999;-29;0;7
14173596 14319599#9999;-19;0;7
14174833 10630864#9999;-17;0;7
14175380 15823138#9999;-95;0;7
9981869 14594357#9999;-20;0;7
14178031 9418913#9999;-29;0;7
16277043 1818448#9999;-29;0;7
12083792 4613508#9999;-28;0;7
3696223 1787078#9999;-37;0;7
9988045 12705322#9999;-90;0;7
1599968 12950626#9999;-92;0;7
12090127 5054001#9999;-11;0;7
5798792 410797#9999;-24;0;7
7896722 1164292#9999;-27;0;7
1606644 247704#9999;-27;0;7
16287207 9288461#9999;-21;0;7
1608209 16162213#9999;-4;0;7
3705556 8755627#9999;-30;0;7
7904792 9244805#9999;-23;0;7
3711722 7529345#9999;-32;0;7
10003415 10077787#9999;-19;0;7
14199739 11873774#9999;-31;0;7
7908822 10458203#9999;-41;0;7
7909878 5259517#9999;-25;0;7
7911371 254778#9999;-21;0;7
5815566 5497932#9999;-31;0;7
12109919 8958489#9999;-22;0;7
1624433 12765601#9999;-29;0;7
3722578 1308228#9999;-31;0;7
3724397 12016021#9999;-103;0;7
7918618 5187742#9999;-90;0;7
14211494 15208381#9999;-30;0;7
16308791 4942550#9999;-92;0;7
3727853 8559838#9999;-26;0;7
10020459 5762227#9999;-29;0;7
7924299 12018885#9999;-24;0;7
12119511 4313799#9999;-22;0;7
12121292 12395201#9999;-43;0;7
7927408 12988178#9999;-31;0;7
14223827 3767150#9999;-13;0;7
5835873 5211330#9999;-23;0;7
16323919 1699849#9999;-22;0;7
12134595 9719687#9999;-7;0;7
5844738 16518870#9999;-21;0;7
16331137 12928531#9999;-21;0;7
1656000 9044870#9999;-27;0;7
10047240 9789694#9999;-19;0;7
1659681 9177029#9999;-22;0;7
5856545 16202122#9999;-24;0;7
14245216 5683249#9999;-92;0;7
3760702 15331441#9999;-23;0;7
12149686 7931789#9999;-21;0;7
10053048 3964956#9999;-29;0;7
1667061 13504638#9999;-31;0;7
10057383 16574141#9999;-32;0;7
1670897 3216003#9999;-27;0;7
14254216 1041071#9999;-22;0;7
5865688 14655157#9999;-24;0;7
14259195 5907937#9999;-27;0;7
5870873 10679398#9999;-31;0;7
3773960 16015093#9999;-30;0;7
14260911 16307038#9999;-29;0;7
3777259 13035316#9999;-29;0;7
16360416 14198854#9999;-29;0;7
5876173 14738397#9999;-22;0;7
1682253 9779806#9999;-34;0;7
10072242 9802198#9999;-24;0;7
16363973 15666365#9999;-27;0;7
5879043 3525067#9999;-27;0;7
5883468 10205902#9999;-36;0;7
7981427 15599332#9999;-24;0;7
16370982 12575799#9999;-20;0;7
14274375 10100109#9999;-35;0;7
1692490 499036#9999;-30;0;7
7984788 5753561#9999;-27;0;7
5888614 10855314#9999;-27;0;7
10083698 4026479#9999;-24;0;7
12181658 14421197#9999;-90;0;7
10084818 1050625#9999;-21;0;7
7992381 15559299#9999;-29;0;7
5895343 14598182#9999;-23;0;7
5895489 10741325#9999;-24;0;7
12187914 9488415#-26;-26;7;0
14285511 11524294#9999;-25;0;7
3800223 10416053#-4;-7;7;0
16383341 14352456#9999;-27;0;7
10093561 9375436#9999;-9;0;7
3802192 9637593#9999;-25;0;7
5900189 11279872#9999;-32;0;7
1707373 14209635#9999;-21;0;7
1709995 12897099#9999;-28;0;7
5904603 13044688#9999;-18;0;7
16390168 15704569#9999;-24;0;7
12199153 10057101#9999;-24;0;7
8005424 262048#9999;-92;0;7
8008998 6283105#9999;-28;0;7
3814744 12593007#9999;-21;0;7
3816641 13833384#9999;-24;0;7
14303478 11841730#9999;-79;0;7
8015397 11093961#9999;-24;0;7
5918838 92282#9999;-24;0;7
1724859 2974180#9999;-21;0;7
10113694 7825421#9999;-23;0;7
16405978 11136065#9999;-23;0;7
3823541 6874741#9999;-29;0;7
8019097 4184350#9999;-24;0;7
12214213 2753224#9999;-27;0;7
3827643 15335496#9999;-19;0;7
1730592 11181592#9999;-28;0;7
1731722 11227983#9999;-22;0;7
3829865 15145053#9999;-27;0;7
10122415 4054315#9999;-22;0;7
10123030 12454099#9999;-13;0;7
3831958 15469954#9999;-25;0;7
3834702 659323#9999;-29;0;7
14323309 12070162#9999;-28;0;7
16420358 1115474#9999;-27;0;7
14324467 9806691#9999;-29;0;7
3840075 2484252#9999;-24;0;7
1743562 8997724#9999;-90;0;7
14326953 13969006#9999;-26;0;7
3841909 8078508#9999;-22;0;7
8037463 11443706#9999;-26;0;7
16430029 3028779#9999;-29;0;7
16434310 15876409#-30;-30;7;0
8045761 3210855#9999;-13;0;7
3851464 10248340#9999;-27;0;7
16435020 16220196#9999;-24;0;7
8052030 892017#9999;-21;0;7
16441181 2467323#9999;-22;0;7
10152568 4873897#9999;-30;0;7
12253856 8793790#9999;-39;0;7
5962659 12648104#9999;-28;0;7
1768653 11310859#9999;-31;0;7
8060234 13532132#9999;-97;0;7
12254476 4064318#9999;-90;0;7
12255460 3828972#9999;-21;0;7
16450180 14507687#9999;-33;0;7
16451898 10878965#9999;-26;0;7
14356208 4185997#9999;-27;0;7
10164413 3458335#9999;-17;0;7
3873563 3852132#9999;-20;0;7
14360442 12470977#9999;-26;0;7
1778402 6586515#9999;-32;0;7
12265783 11837267#9999;-41;0;7
8073249 16216385#9999;-22;0;7
5976574 4596719#9999;-25;0;7
12269592 15440254#9999;-90;0;7
16467103 10284171#9999;-24;0;7
8079006 13702670#9999;-27;0;7
16468625 9724#9999;-19;0;7
3886593 9849153#-22;-22;7;0
14374887 4210211#9999;-22;0;7
14374922 3700508#9999;-22;0;7
5988028 6025716#9999;-28;0;7
1795428 15921020#9999;-28;0;7
3892983 14482678#9999;-24;0;7
8087575 15462405#9999;-18;0;7
8088112 679592#9999;-21;0;7
3896021 13917946#-31;-31;7;0
8090433 12789061#9999;-17;0;7
16483272 1180354#9999;-29;0;7
14386658 6368642#9999;-92;0;7
5998974 15402676#-16;-20;7;0
14388716 14689956#9999;-24;0;7
6002195 14716204#9999;-23;0;7
10196874 10679629#9999;-23;0;7
3905367 11057566#9999;-30;0;7
16490097 13119980#9999;-27;0;7
6010282 11079951#-22;-30;7;0
6010532 635620#9999;-21;0;7
1817325 2820417#9999;-27;0;7
6013476 664365#9999;-21;0;7
1823336 4590923#9999;-21;0;7
10212320 14088887#9999;-26;0;7
12309508 15890684#9999;-26;0;7
1825894 14337084#9999;-24;0;7
14410997 13588117#9999;-22;0;7
16509787 2579667#9999;-37;0;7
12316737 10738228#9999;-10;0;7
16512413 14638545#9999;-29;0;7
8123915 7407140#9999;-3;0;7
10222791 13680488#9999;-24;0;7
6029360 13979082#9999;-27;0;7
8128536 9512642#9999;-24;0;7
1838346 2469927#9999;-27;0;7
8130657 11030808#9999;-90;0;7
3936709 16601813#9999;-22;0;7
16521361 15873538#9999;-30;0;7
16522075 16250655#-24;-24;7;0
1843418 10003809#9999;-31;0;7
12330607 2332428#9999;-22;0;7
14428769 7001442#9999;-25;0;7
3943697 12535150#9999;-30;0;7
3944526 3854496#9999;-24;0;7
12333139 10209623#9999;-21;0;7
10237623 15722267#9999;-30;0;7
1850130 38044#9999;-25;0;7
12336758 15763#9999;-30;0;7
14434422 8384321#9999;-27;0;7
1851870 10253690#9999;-41;0;7
16532090 13755575#9999;-29;0;7
8145619 5265706#9999;1;0;7
6049500 14616713#9999;-29;0;7
1857429 2917941#9999;-20;0;7
12344120 8449315#9999;-17;0;7
6053113 15248498#9999;-26;0;7
10254021 1587602#9999;-28;0;7
8157075 16741265#9999;-19;0;7
8161222 16369703#9999;-22;0;7
14453052 12286562#9999;-21;0;7
1871276 2954975#-21;-21;7;0
12358813 9340575#9999;-27;0;7
6067529 15931021#9999;-31;0;7
3971995 16467570#9999;-32;0;7
6072733 11600182#9999;-22;0;7
1879451 2287076#9999;-92;0;7
14464488 16346585#9999;-31;0;7
16563933 11224723#9999;-29;0;7
6078451 14761259#9999;-23;0;7
16564014 15430136#9999;-31;0;7
16564798 16494105#9999;-26;0;7
10273609 8467314#9999;-21;0;7
14470544 1287263#9999;-32;0;7
3985680 13780368#9999;-24;0;7
14471855 16486790#9999;-22;0;7
1890486 8493306#9999;-22;0;7
6085174 16007545#9999;-27;0;7
10279972 9091306#-15;-22;7;0
16572136 11849615#9999;-26;0;7
14475264 5146437#9999;-27;0;7
1893474 12816193#9999;-26;0;7
6089505 3860715#9999;-29;0;7
10289053 12788937#9999;-30;0;7
6095415 8176456#9999;-46;0;7
1901499 14643738#9999;-28;0;7
12387346 12808719#-23;-23;7;0
16584304 8397874#9999;-36;0;7
8196847 11580255#9999;-27;0;7
6102524 9020378#9999;-30;0;7
10298138 13961550#9999;-30;0;7
14492948 10164741#9999;-25;0;7
4008658 536574#9999;-33;0;7
6107645 5788731#-6;-6;7;0
14498186 11965556#9999;-29;0;7
14498326 11788764#9999;-24;0;7
10304598 13243281#9999;-19;0;7
6113742 15022858#9999;-28;0;7
14504497 15044738#9999;-26;0;7
1922722 13885649#9999;-18;0;7
16604771 4873659#9999;-29;0;7
10314428 15132285#9999;-28;0;7
12414664 288599#9999;-27;0;7
16609140 8713257#9999;-26;0;7
10317923 9021644#9999;-23;0;7
6125179 13515732#-8;-8;7;0
16611898 4123832#9999;-26;0;7
6126587 11304845#9999;-90;0;7
12420330 5747233#9999;-28;0;7
10324141 1633320#9999;-20;0;7
4033807 13683511#9999;-8;0;7
4035094 9846394#9999;-22;0;7
16618525 5357241#9999;-22;0;7
1938995 4898558#9999;-8;0;7
16620354 10050221#9999;-30;0;7
12426796 5599331#9999;-19;0;7
10330424 4081131#9999;-25;0;7
4039196 3251191#9999;-20;0;7
12428431 2537891#9999;-29;0;7
4042434 13904321#9999;-30;0;7
12431840 15873532#9999;-33;0;7
10335185 13477074#9999;-28;0;7
1948298 14052101#9999;-21;0;7
1949312 1118352#9999;-12;0;7
14533336 2270520#9999;-21;0;7
14533485 12467706#-24;-24;7;0
4048385 2542449#9999;-92;0;7
8246377 15012798#9999;-26;0;7
4051991 8055728#9999;-27;0;7
10349170 14635636#9999;-21;0;7
12448924 15515690#9999;-35;0;7
12449095 5133335#9999;-21;0;7
1964522 14827265#9999;-18;0;7
8257722 14125025#9999;-5;0;7
10355938 4313395#9999;-28;0;7
6162023 2161692#9999;-37;0;7
14550651 15579547#9999;-24;0;7
4068620 13131346#9999;-29;0;7
8264005 15394295#9999;-21;0;7
14558236 5545095#9999;-29;0;7
16658200 885730#9999;-21;0;7
6174527 13707219#9999;-4;0;7
4079098 8580069#-34;-34;7;0
8274906 14930917#9999;-29;0;7
10371940 14139100#9999;-30;0;7
6180396 13415669#9999;-27;0;7
12472428 13114929#9999;-18;0;7
16672684 14476363#9999;-31;0;7
8284768 6011971#9999;-21;0;7
16677569 11623761#9999;-20;0;7
12485562 12023952#9999;-20;0;7
16680550 13369205#9999;-24;0;7
4100236 3627099#9999;-21;0;7
2003427 12067382#9999;-25;0;7
14587662 14414897#9999;-10;0;7
10394831 8409000#9999;-30;0;7
10395675 12736531#9999;-22;0;7
2009329 4991689#9999;-22;0;7
10398354 6558531#9999;-20;0;7
10399303 3124257#9999;-28;0;7
16694372 13380562#9999;-24;0;7
8307111 5946794#9999;-8;0;7
2017558 4172773#9999;-26;0;7
10415669 14185128#9999;-45;0;7
6221752 14351976#9999;-33;0;7
8320627 14178502#-4;-7;7;0
6224517 16753680#-11;-11;7;0
12516281 624867#9999;-12;0;7
10419351 8478083#9999;-24;0;7
12517101 1311423#9999;-31;0;7
10419937 14464220#9999;-30;0;7
10421485 11184759#9999;-19;0;7
10422100 2719631#9999;-27;0;7
14619472 10119862#9999;-38;0;7
10425493 10020237#9999;-27;0;7
14621030 3457906#9999;-28;0;7
12526753 13145958#9999;-26;0;7
12527888 3309254#9999;-28;0;7
6236828 10899563#9999;-30;0;7
10431629 11912552#9999;-90;0;7
12529093 7979428#9999;-21;0;7
2044486 15102461#9999;-19;0;7
12532729 12689407#9999;-23;0;7
6244530 16427807#9999;-31;0;7
4147669 15853779#9999;-24;0;7
4148455 12230794#9999;-37;0;7
4149050 13088268#9999;-19;0;7
4150060 5226520#9999;-29;0;7
10441491 952930#9999;-29;0;7
2054392 15024005#9999;0;0;7
2055231 7786653#9999;-28;0;7
10444228 7988925#9999;-9;0;7
14638816 10661021#9999;-26;0;7
6253344 13871476#9999;-14;0;7
6255718 12106916#9999;-22;0;7
10450295 2246867#9999;-24;0;7
16744144 4307154#-18;-23;7;0
2064022 13398215#9999;-27;0;7
12550943 16558427#9999;-23;0;7
12551452 11353815#9999;-29;0;7
4164534 907551#9999;-28;0;7
16748919 4157844#9999;-92;0;7
6265543 12355698#9999;-28;0;7
10460501 14727314#9999;-27;0;7
2072630 7633761#9999;0;0;7
4171071 3620628#9999;-18;0;7
8366086 3429618#9999;-26;0;7
8369010 3941766#9999;-25;0;7
8369978 2383043#9999;-17;0;7
10467759 3995431#-29;-29;7;0
10470360 14880924#9999;-28;0;7
4178795 4719708#9999;-22;0;7
12571695 15148355#9999;-45;0;7
16768589 10777470#9999;-26;0;7
14671650 2820371#9999;-21;0;7
14672123 12662444#9999;-31;0;7
14672136 8454599#9999;-29;0;7
14678812 13822981#9999;-29;0;7
14679446 11308982#9999;-17;0;7
